=== 各主題年度出題數 (108-114) ===
topic            108 109 110 111 112 113 114  合計
----------------------------------------------------------------------
複保險                2   2   3   2   1   2   4   16
停效復效               0   1   1   1   1   3   0    7
保險利益               5   5   4   2   9   5   9   39
告知義務               0   3   6   7   1   5   4   26
危險增加               2   0   1   2   3   3   0   11
遲延利息               1   0   0   0   1   0   0    2
受益人               13   7   6  12  10  14  10   72
保單借款               0   0   0   0   0   1   0    1
業務員登錄             12  17  15  17   6  14   7   88
業務員處分              8   8  10  10   1   6   4   47
業務員教育訓練            4   4   4   7   3   4   4   30
經紀人管理              9  13   9  10   9   8  12   70
保費催告停效             0   3   0   2   1   2   0    8
時效                 2   0   2   5   4   2   2   17
自殺條款               0   2   0   4   2   1   0    9
火災保險               1   2  10   5   9   2   1   30
傷害保險               2   2   1   4   1   4   5   19
健康保險               0   1   1   2   1   6   4   15
年金保險               1   1   0   0   0   3   3    8
契約無效              11  10   5   9  11  13   6   65
解除契約               9   6  13   7  11  10   8   64
代位求償               1   1   1   6   2   3   2   16
保險契約轉讓             1   0   0   0   2   3   2    8
資本適足率              0   1   0   0   0   0   0    1

=== 按總題數排序 ===
  業務員登錄: 88
  受益人: 72
  經紀人管理: 70
  契約無效: 65
  解除契約: 64
  業務員處分: 47
  保險利益: 39
  業務員教育訓練: 30
  火災保險: 30
  告知義務: 26
  傷害保險: 19
  時效: 17
  複保險: 16
  代位求償: 16
  健康保險: 15
  危險增加: 11
  自殺條款: 9
  保費催告停效: 8
  年金保險: 8
  保險契約轉讓: 8
  停效復效: 7
  遲延利息: 2
  保單借款: 1
  資本適足率: 1

=== 114年考點 (出題數) ===
  複保險: 4
  保險利益: 9
  告知義務: 4
  受益人: 10
  業務員登錄: 7
  業務員處分: 4
  業務員教育訓練: 4
  經紀人管理: 12
  時效: 2
  火災保險: 1
  傷害保險: 5
  健康保險: 4
  年金保險: 3
  契約無效: 6
  解除契約: 8
  代位求償: 2
  保險契約轉讓: 2
